phi0 = 11.1004
